3.0862260988839373E-16
2.24444064542655E-16
3.25023990867854E-16
4.605358958826201E-16
7.040306977124593E-16
6.50331045897654E-16
2.2796656327722966E-16
3.441064403886404E-16
2.260408139825136E-16
6.107993818974406E-16
3.3260884612043655E-16
5.22878843086288E-16
1.038525660468684E-15
5.754685267729551E-16
3.898545457664983E-16
3.034577734033401E-16
5.17568747638966E-16
2.9469159267305885E-16
2.5781879886303335E-16
9.101689685346049E-17
0.9999999999999998
6.192104870375515E-16
3.3023311780480084E-16
3.0458100043717175E-16
3.4710359654550863E-16
6.917838203615594E-17
1.0642829046752745E-16
5.697584509036001E-16
1.3524369680359096E-15
8.237839569504815E-16
4.967130914667557E-16
7.561356488325848E-16
9.529220120232623E-17
4.078881420558543E-16
5.856790361918599E-16
1.2979513084893082E-15
1.2839011004144364E-15
1.6606299336770055E-15
1.0936788952015838E-16
2.879825205479936E-16
9.382788502618694E-16
1.1516944196371737E-15
1.3396456853291478E-15
5.157624385549125E-16
1.8870466713716763E-16
0.5000000000000001
1.0362260331984299E-16
8.76015844364322E-16
1.5301863813342446E-15
9.595583690953066E-16
1.238034220271211E-15
1.9723187236501509E-16
7.193554103881868E-16
1.2927768113098042E-15
7.909084876471294E-16
4.800802334315749E-16
2.614576226976153E-16
2.102509767905691E-16
2.970112197447571E-16
5.71426407046912E-16
5.905805941921626E-16
7.698466749868999E-16
2.7278280453521268E-16
3.981433729683058E-16
1.820152092229629E-16
1.0760650010834438E-16
3.473839867754527E-16
1.626233412541305E-16
1.5193690546164895E-16
1.509818424079971E-16
9.666478337864307E-17
3.53374450003248E-17
2.6472033044180173E-16
2.1299255513697171E-16
3.768959516874011E-16
3.697012155332634E-16
3.714368164637757E-16
8.492005766148288E-16
1.0771963581200284E-15
6.672582257035459E-16
1.0507973606472872E-16
1.4301215411406423E-16
1.4783909011354572E-16
1.524328498652373E-16
2.872234438434561E-16
9.952703108277284E-17
1.9482208717694255E-16
1.2225456258683284E-16
2.041558232342845E-16
2.844575802612603E-16
1.6468326454495833E-16
8.565064718971074E-17
1.5742826099388365E-16
3.1936553574460474E-16
2.520551233102746E-16
6.818505188710746E-16
3.850471966493536E-16
6.196148631505103E-16
7.538931721148301E-17
1.617311401782952E-16
2.12079167868096E-16
2.870959490606013E-16
1.3573904084058194E-16
1.9300374411124253E-16
6.687251223615867E-17
4.608246351423197E-17
7.613738650001787E-17
4.902019388288374E-17
1.1356420761538446E-16
1.978564380084866E-16
1.0124877334793397E-16
1.1125859776787494E-16
1.0416558236856572E-16
2.842978480794749E-16
2.0731161686273816E-16
2.944956081343518E-16
1.0631595868200917E-16
1.6868060614096273E-16
2.0452245052808464E-16
5.1959065730528246E-17
9.785516262095562E-17
8.62459949337821E-17
1.9447277995761857E-16
6.831112382520945E-17
1.610741839677872E-16
1.2273716824305391E-16
1.1836800221110874E-16
7.113665257669803E-17
1.8904490742098914E-16
3.381878875551562E-17
8.499944163813996E-17
4.5592830180745173E-17
2.7713964664750687E-17
3.451106140536918E-16
3.158501392890596E-16
5.891790741625777E-16
3.293730572537894E-16
5.883640735541238E-16
1.2552210435401475E-16
2.2928726611641974E-16
4.651203260573975E-17
1.128668169160089E-16
5.359001661133006E-17
8.358602641260168E-17
1.7375547282737766E-16
1.5263038095478232E-16
1.820068823769503E-16
4.7039055081203314E-17
9.170575670351129E-17
8.167178376750845E-17
1.6901682325231664E-16
2.4332533806704604E-16
2.6356923004994024E-17
2.3905744664398573E-16
3.56930168806771E-16
2.747552110011358E-16
5.913628364184087E-17
1.3730631809355128E-16
1.2392416822332058E-16
1.7264137573274327E-16
4.968613764668672E-17
1.6834759275100334E-16
5.1636696341713896E-17
5.337656071144041E-17
9.67906312906344E-17
5.598864125545124E-17
7.090784139467403E-17
8.244670079327605E-17
2.366310098452056E-17
5.4983960265618394E-17
8.212071026857689E-17
2.2949808137844384E-16
1.2890647032317837E-16
2.5727355669464213E-16
1.2586746239839671E-16
9.267278094077467E-17
9.981360275933263E-17
6.176639135765916E-17
1.3670094974772362E-16
1.7940687640611482E-16
1.0244987549941167E-16
6.803582002592554E-17
8.556417350685719E-17
8.40832788115761E-17
8.582762270495198E-17
5.3167648773430174E-17
1.4434483310874504E-16
8.673113121893834E-17
3.827456159377903E-17
9.985667633426723E-18
2.8742136958318004E-16
3.1879536461639816E-16
1.492808717255084E-16
2.9743882814819574E-16
4.0615661670930316E-16
2.873666356039354E-16
1.0766567533786179E-16
7.643004701672353E-17
8.452750032916138E-17
6.701024867469818E-17
9.350225775839986E-17
5.995915288514833E-17
7.096047585716679E-17
7.770510321516296E-17
2.5832569681216996E-17
6.737244955134151E-17
2.0859204729560085E-17
1.49627710203992E-16
6.674598166895532E-17
1.8235445120873176E-16
1.3689380742894126E-16
2.089445337450756E-16
3.2271734800729173E-16
1.4610605327015183E-16
1.4158457308767018E-16
5.844318867695948E-17
1.7423101006033828E-16
7.622288005831245E-17
1.9315178119504415E-16
7.396549345103494E-17
8.294935442971978E-17
9.282786759849259E-17
9.107155448349131E-17
7.66642883663461E-17
6.931893527893486E-17
6.488666998391309E-17
8.589213872214145E-17
4.4274938292239536E-17
6.781435178478932E-17
1.816143061727315E-17
1.7434554277830443E-16
2.3071899710030347E-16
5.073654961339761E-17
1.7070968565726922E-16
9.963084347153804E-17
4.8527849174592995E-17
9.791182381621197E-17
8.49382760551331E-17
4.585972294172055E-17
9.122965197995564E-17
6.291816288412808E-17
7.103212914180804E-17
1.456810174466875E-16
5.764727929800997E-17
1.1403888658542876E-16
1.4754176373180323E-16
2.114252117230772E-16
1.6937043113830067E-16
3.970273403345882E-16
2.6647400754611344E-16
